. Sequence file : [allSeqsForGrahamTree_trimmed.phy]

. Model of nucleotides substitution : HKY85

. Initial tree : [BioNJ]


. Data	Nb of 	Likelihood	Discrete   	Number of 	Gamma shape	Proportion of	Transition/ 	Nucleotides frequencies               	
  set	taxa	loglk     	gamma model	categories	parameter  	invariant    	transversion	f(A)      f(C)      f(G)      f(T)    	

  #1	46   	-2273.21075	Yes        	4        	2.917    	0.000    	3.940     	 0.21897   0.27184   0.34863   0.16056	
  #2	46   	-2239.86108	Yes        	4        	3.001    	0.000    	2.913     	 0.20712   0.30727   0.26775   0.21786	
  #3	46   	-2114.82394	Yes        	4        	5.826    	0.000    	3.689     	 0.14283   0.33907   0.31908   0.19902	
  #4	46   	-2212.79677	Yes        	4        	3.019    	0.000    	4.076     	 0.20277   0.30960   0.28694   0.20069	
  #5	46   	-2150.94956	Yes        	4        	3.073    	0.000    	3.836     	 0.18815   0.30680   0.27486   0.23019	
  #6	46   	-2413.70467	Yes        	4        	3.382    	0.000    	3.216     	 0.17638   0.31001   0.29622   0.21740	
  #7	46   	-2242.68029	Yes        	4        	3.609    	0.000    	3.329     	 0.24086   0.30342   0.25424   0.20148	
  #8	46   	-2351.16955	Yes        	4        	2.666    	0.000    	3.336     	 0.18461   0.35386   0.26031   0.20122	
  #9	46   	-2223.49190	Yes        	4        	2.279    	0.000    	4.223     	 0.17338   0.30084   0.30373   0.22205	
  #10	46   	-2273.26353	Yes        	4        	2.057    	0.000    	3.799     	 0.18901   0.34178   0.23283   0.23638	
  #11	46   	-2231.70686	Yes        	4        	2.418    	0.000    	4.530     	 0.18469   0.34093   0.26797   0.20641	
  #12	46   	-2187.53177	Yes        	4        	8.389    	0.000    	4.195     	 0.15913   0.35183   0.23894   0.25009	
  #13	46   	-2305.30026	Yes        	4        	7.432    	0.000    	3.643     	 0.15616   0.31989   0.27089   0.25305	
  #14	46   	-2085.67637	Yes        	4        	3.732    	0.000    	3.684     	 0.21079   0.32774   0.25684   0.20464	
  #15	46   	-2294.54799	Yes        	4        	2.907    	0.000    	3.500     	 0.21970   0.32935   0.21721   0.23374	
  #16	46   	-2243.92884	Yes        	4        	4.245    	0.000    	3.749     	 0.17780   0.36189   0.23464   0.22567	
  #17	46   	-2108.54200	Yes        	4        	2.714    	0.000    	3.819     	 0.17750   0.34147   0.28694   0.19409	
  #18	46   	-2029.09228	Yes        	4        	2.504    	0.000    	3.385     	 0.23756   0.28693   0.28989   0.18562	
  #19	46   	-2189.63091	Yes        	4        	4.320    	0.000    	3.969     	 0.15592   0.34017   0.28895   0.21497	
  #20	46   	-2298.37192	Yes        	4        	2.213    	0.000    	4.585     	 0.17950   0.31504   0.28735   0.21812	
  #21	46   	-2174.16135	Yes        	4        	4.093    	0.000    	4.409     	 0.19852   0.32411   0.30613   0.17124	
  #22	46   	-2163.59182	Yes        	4        	2.581    	0.000    	3.756     	 0.19970   0.29715   0.27499   0.22816	
  #23	46   	-2090.70134	Yes        	4        	4.352    	0.000    	3.636     	 0.18959   0.35160   0.24390   0.21490	
  #24	46   	-2408.31908	Yes        	4        	2.007    	0.000    	4.557     	 0.15966   0.33792   0.29228   0.21015	
  #25	46   	-2107.00366	Yes        	4        	2.696    	0.000    	3.609     	 0.17195   0.32060   0.33448   0.17297	
  #26	46   	-2134.40135	Yes        	4        	2.762    	0.000    	3.666     	 0.17898   0.31221   0.29934   0.20948	
  #27	46   	-2134.27837	Yes        	4        	4.107    	0.000    	3.569     	 0.15851   0.33772   0.28410   0.21967	
  #28	46   	-2238.99990	Yes        	4        	2.604    	0.000    	4.014     	 0.15676   0.36646   0.26005   0.21673	
  #29	46   	-2192.40624	Yes        	4        	3.075    	0.000    	4.368     	 0.16745   0.34479   0.24691   0.24086	
  #30	46   	-2221.23698	Yes        	4        	3.574    	0.000    	4.543     	 0.20580   0.37431   0.22725   0.19264	
  #31	46   	-2300.94353	Yes        	4        	6.134    	0.000    	3.954     	 0.19616   0.30661   0.29612   0.20111	
  #32	46   	-2333.97423	Yes        	4        	1.564    	0.000    	3.212     	 0.18133   0.34421   0.23228   0.24218	
  #33	46   	-2226.11435	Yes        	4        	3.898    	0.000    	4.690     	 0.23791   0.33830   0.23071   0.19308	
  #34	46   	-2286.61311	Yes        	4        	6.108    	0.000    	4.745     	 0.14718   0.34804   0.24876   0.25602	
  #35	46   	-2220.53008	Yes        	4        	2.868    	0.000    	3.845     	 0.18537   0.30980   0.26956   0.23527	
  #36	46   	-2215.63558	Yes        	4        	2.506    	0.000    	4.480     	 0.21242   0.31900   0.25103   0.21755	
  #37	46   	-2358.18958	Yes        	4        	2.341    	0.000    	3.172     	 0.21102   0.29090   0.19632   0.30176	
  #38	46   	-2258.38966	Yes        	4        	2.747    	0.000    	3.634     	 0.17558   0.32735   0.27614   0.22094	
  #39	46   	-2226.57240	Yes        	4        	2.098    	0.000    	4.191     	 0.19627   0.31140   0.29301   0.19932	
  #40	46   	-2295.55892	Yes        	4        	3.550    	0.000    	4.106     	 0.20979   0.32723   0.23524   0.22773	
  #41	46   	-2493.08538	Yes        	4        	6.659    	0.000    	3.991     	 0.19545   0.33862   0.26488   0.20105	
  #42	46   	-2051.00139	Yes        	4        	1.790    	0.000    	3.695     	 0.21498   0.28087   0.29118   0.21297	
  #43	46   	-2422.46792	Yes        	4        	3.152    	0.000    	3.194     	 0.16638   0.35454   0.27372   0.20536	
  #44	46   	-2389.58276	Yes        	4        	3.995    	0.000    	3.562     	 0.21143   0.26603   0.30388   0.21866	
  #45	46   	-2304.11263	Yes        	4        	1.736    	0.000    	4.276     	 0.15250   0.35409   0.28456   0.20885	
  #46	46   	-2165.35097	Yes        	4        	1.854    	0.000    	4.375     	 0.21845   0.26102   0.28079   0.23974	
  #47	46   	-2230.36328	Yes        	4        	4.483    	0.000    	4.112     	 0.16635   0.32310   0.28330   0.22725	
  #48	46   	-2190.92715	Yes        	4        	3.064    	0.000    	3.962     	 0.17677   0.33486   0.25563   0.23274	
  #49	46   	-2365.53286	Yes        	4        	4.128    	0.000    	4.157     	 0.18386   0.36420   0.21638   0.23556	
  #50	46   	-2183.51369	Yes        	4        	1.795    	0.000    	4.030     	 0.23475   0.30833   0.27559   0.18133	
  #51	46   	-2279.75251	Yes        	4        	4.302    	0.000    	3.792     	 0.19331   0.33626   0.26698   0.20345	
  #52	46   	-2241.73080	Yes        	4        	2.383    	0.000    	4.149     	 0.21486   0.32982   0.21737   0.23795	
  #53	46   	-2254.22702	Yes        	4        	2.609    	0.000    	3.681     	 0.19454   0.35930   0.26390   0.18226	
  #54	46   	-2301.20689	Yes        	4        	2.380    	0.000    	3.821     	 0.21592   0.34371   0.21109   0.22927	
  #55	46   	-2216.35005	Yes        	4        	3.228    	0.000    	3.371     	 0.21963   0.29720   0.26924   0.21392	
  #56	46   	-2048.68090	Yes        	4        	6.393    	0.000    	3.834     	 0.25516   0.28367   0.24022   0.22095	
  #57	46   	-2105.64116	Yes        	4        	3.078    	0.000    	3.380     	 0.18573   0.29457   0.27212   0.24759	
  #58	46   	-2306.68977	Yes        	4        	4.284    	0.000    	3.728     	 0.19849   0.30427   0.27296   0.22429	
  #59	46   	-2108.95354	Yes        	4        	3.208    	0.000    	3.437     	 0.20678   0.34258   0.22123   0.22941	
  #60	46   	-2291.78584	Yes        	4        	2.596    	0.000    	3.755     	 0.20588   0.33679   0.25553   0.20180	
  #61	46   	-2217.50380	Yes        	4        	2.593    	0.000    	4.277     	 0.19785   0.34710   0.21688   0.23817	
  #62	46   	-2189.55861	Yes        	4        	2.833    	0.000    	4.553     	 0.20638   0.34165   0.26803   0.18394	
  #63	46   	-2222.26779	Yes        	4        	2.794    	0.000    	4.821     	 0.20140   0.31142   0.29301   0.19417	
  #64	46   	-2158.15022	Yes        	4        	2.664    	0.000    	4.363     	 0.16736   0.42049   0.26820   0.14395	
  #65	46   	-2302.99662	Yes        	4        	4.958    	0.000    	3.501     	 0.16192   0.32469   0.26443   0.24897	
  #66	46   	-2113.21643	Yes        	4        	3.750    	0.000    	3.095     	 0.20797   0.37954   0.18049   0.23200	
  #67	46   	-2140.78568	Yes        	4        	3.101    	0.000    	4.148     	 0.18342   0.37615   0.23993   0.20050	
  #68	46   	-2425.69406	Yes        	4        	2.211    	0.000    	4.215     	 0.18772   0.29519   0.26526   0.25183	
  #69	46   	-2268.45725	Yes        	4        	2.755    	0.000    	3.444     	 0.21748   0.33562   0.27424   0.17266	
  #70	46   	-2367.14721	Yes        	4        	3.251    	0.000    	3.545     	 0.21792   0.33141   0.23745   0.21322	
  #71	46   	-2306.31471	Yes        	4        	3.127    	0.000    	3.880     	 0.18185   0.29770   0.25043   0.27002	
  #72	46   	-2228.99731	Yes        	4        	3.005    	0.000    	3.246     	 0.18593   0.29055   0.26430   0.25923	
  #73	46   	-2177.13522	Yes        	4        	1.879    	0.000    	4.038     	 0.20763   0.31823   0.29157   0.18257	
  #74	46   	-2249.91302	Yes        	4        	3.710    	0.000    	3.601     	 0.18613   0.31165   0.26119   0.24103	
  #75	46   	-2144.47626	Yes        	4        	5.544    	0.000    	4.031     	 0.20506   0.33583   0.23675   0.22236	
  #76	46   	-2343.02562	Yes        	4        	2.274    	0.000    	3.403     	 0.17053   0.35781   0.22806   0.24360	
  #77	46   	-2208.89704	Yes        	4        	2.560    	0.000    	4.095     	 0.21344   0.33329   0.26345   0.18982	
  #78	46   	-2276.40871	Yes        	4        	2.261    	0.000    	3.946     	 0.15778   0.39880   0.24701   0.19641	
  #79	46   	-2327.67233	Yes        	4        	1.815    	0.000    	4.013     	 0.18478   0.30552   0.28418   0.22552	
  #80	46   	-2267.65116	Yes        	4        	7.699    	0.000    	3.834     	 0.15896   0.32161   0.27725   0.24219	
  #81	46   	-2084.32726	Yes        	4        	3.179    	0.000    	3.655     	 0.19206   0.31495   0.27127   0.22173	
  #82	46   	-2247.91418	Yes        	4        	2.678    	0.000    	4.116     	 0.17710   0.28596   0.32118   0.21576	
  #83	46   	-2163.29314	Yes        	4        	2.096    	0.000    	3.882     	 0.15736   0.29411   0.34150   0.20703	
  #84	46   	-2382.28281	Yes        	4        	2.134    	0.000    	3.555     	 0.18724   0.32877   0.28726   0.19673	
  #85	46   	-2377.09134	Yes        	4        	3.627    	0.000    	3.794     	 0.23829   0.28049   0.29062   0.19061	
  #86	46   	-2219.45853	Yes        	4        	5.989    	0.000    	3.807     	 0.16176   0.31654   0.27136   0.25035	
  #87	46   	-2192.56726	Yes        	4        	2.993    	0.000    	3.768     	 0.22638   0.27915   0.29772   0.19675	
  #88	46   	-2133.25560	Yes        	4        	3.497    	0.000    	3.818     	 0.21251   0.36182   0.23033   0.19534	
  #89	46   	-2099.13551	Yes        	4        	3.175    	0.000    	3.752     	 0.19281   0.35735   0.23838   0.21146	
  #90	46   	-2258.36374	Yes        	4        	3.730    	0.000    	3.866     	 0.21271   0.34210   0.26223   0.18297	
  #91	46   	-2256.81398	Yes        	4        	3.911    	0.000    	3.915     	 0.22550   0.33404   0.23974   0.20071	
  #92	46   	-2317.36414	Yes        	4        	2.005    	0.000    	3.561     	 0.18780   0.32691   0.26220   0.22309	
  #93	46   	-2316.61195	Yes        	4        	4.072    	0.000    	4.092     	 0.19774   0.35402   0.27331   0.17493	
  #94	46   	-2153.31711	Yes        	4        	5.877    	0.000    	4.200     	 0.18710   0.34027   0.21636   0.25628	
  #95	46   	-2255.57112	Yes        	4        	3.176    	0.000    	4.109     	 0.23758   0.40152   0.18444   0.17647	
  #96	46   	-2522.95577	Yes        	4        	2.420    	0.000    	3.904     	 0.19055   0.34443   0.23454   0.23048	
  #97	46   	-2432.49426	Yes        	4        	2.397    	0.000    	4.615     	 0.16411   0.35400   0.29303   0.18886	
  #98	46   	-2372.54723	Yes        	4        	2.443    	0.000    	3.807     	 0.23115   0.36921   0.21443   0.18521	
  #99	46   	-2177.50481	Yes        	4        	3.580    	0.000    	3.678     	 0.17516   0.33139   0.27364   0.21981	
  #100	46   	-2193.73854	Yes        	4        	4.011    	0.000    	3.621     	 0.20874   0.28104   0.24663   0.26359	
